# Monthly average of flow of Nile in m^3/s
# year, jan, feb, mar, apr, may, jun, jul, aug, sep, oct, nov, dec, yearly average
1869,-9999,-9999,-9999,-9999,-9999,-9999,2606,8885,10918,8699,-9999,-9999,-9999
1870,-9999,-9999,1146,682,545,540,3027,10304,10802,8288,5709,3576,-9999
1871,2606,1992,1485,933,731,760,2475,8960,9953,6571,3522,2419,3533.92
1872,1672,1033,728,605,560,879,3121,8811,10532,7952,4976,3102,3664.25
1873,2187,1851,1235,756,556,1392,2296,7093,8410,5675,3070,2049,3047.5
1874,1340,847,664,516,466,964,3061,10790,11805,8064,4282,2904,3808.58
1875,2210,1686,1060,771,638,698,2396,9259,10455,7691,4436,2830,3677.5
1876,2116,1791,1441,945,724,887,3106,8811,11072,6757,3788,2523,3663.42
1877,1833,1264,944,767,972,2639,5899,6442,4704,2851,1818,1878,2667.58
1878,1373,946,679,543,466,509,2135,8251,12345,10229,5555,3770,3900.08
1879,2874,2401,2135,1847,1698,1990,3957,9520,10686,7243,4359,3210,4326.67
1880,2624,2266,1818,1331,1067,1141,3546,8400,8989,6272,3263,2370,3590.58
1881,1784,1322,993,756,690,763,1851,6720,10146,6571,3730,2441,3147.25
1882,1829,1343,884,655,552,536,1523,6795,8719,5787,4243,2583,2954.08
1883,1874,1525,1254,868,668,709,2710,9072,10223,6496,3853,2729,3498.42
1884,2083,1756,1444,1030,851,879,1773,6645,8179,6347,4128,2591,3142.17
1885,1933,1467,948,702,560,570,3061,9259,8873,5899,3167,2128,3213.92
1886,1500,1020,813,694,668,771,1892,7541,9760,5899,3283,2579,3035
1887,1859,1331,910,675,698,968,3065,10379,11304,6795,3858,2699,3711.75
1888,2064,1348,948,756,660,709,1579,6645,7291,4368,2268,1624,2521.67
1889,1135,777,619,524,477,516,1874,8325,9992,6571,3329,2143,3023.5
1890,1639,1058,731,551,474,617,2191,9632,9529,7989,4745,2934,3507.5
1891,2116,1405,869,659,604,1203,2131,8139,9876,7355,4745,2822,3493.67
1892,1941,1344,862,6113,500,532,2105,8885,12191,8848,4783,3121,4268.75
1893,2486,2149,1881,1685,1000,814,1840,8363,9182,7429,4166,2632,3635.58
1894,2012,1450,918,713,690,829,2856,9744,11072,9035,4783,3255,3946.42
1895,2531,2087,1758,1315,1052,1003,2893,10864,10455,6533,4089,3158,3978.17
1896,2396,1927,1407,1030,888,895,2650,8176,10763,7019,5015,4106,3856
1897,2613,2021,1508,1064,903,1041,2150,7093,9104,6123,3182,2176,3248.17
1898,1736,1359,907,694,593,586,1493,9072,10416,7504,4359,3039,3479.83
1899,2255,1922,1612,1153,828,810,1795,5525,6520,3845,1917,1254,2453
1900,798,607,466,393,395,543,1441,8288,8294,5899,2785,1881,2649.17
1901,1400,971,720,559,563,625,1986,7691,9066,4965,2789,1844,2764.92
1902,1232,818,623,540,496,563,1276,4144,7098,5301,2627,1642,2196.67
1903,1295,892,623,478,466,914,1863,6608,9567,6944,3935,2098,2973.58
1904,1564,1289,888,644,668,1126,1907,7056,7330,4853,2353,1683,2613.42
1905,1411,1008,716,520,537,613,1105,4629,7561,4928,2040,1564,2219.33
1906,1344,1087,780,717,672,760,1429,6645,9567,6533,3348,1930,2901
1907,1512,1182,761,690,683,721,1355,4368,6790,4181,2415,1583,2186.75
1908,1314,866,660,597,552,586,1295,8176,11304,7653,3595,1986,3215.33
1909,1639,1405,929,682,742,1388,2042,7728,9953,7243,3672,2396,3318.25
1910,1590,1566,1164,706,638,848,1325,6085,9452,7056,4128,2206,3063.67
1911,1612,1058,795,540,578,802,1306,5600,8873,5413,2854,1836,2605.58
1912,1261,933,664,570,552,590,1284,6944,7021,3845,1709,1504,2239.75
1913,1179,797,582,632,698,756,925,2445,4706,2807,1022,746,1441.25
1914,563,471,601,551,556,652,854,7243,7716,6160,4128,2355,2654.17
1915,1254,1062,765,659,668,871,1284,3994,5748,5488,2989,1519,2191.75
1916,1205,838,638,578,705,868,1993,9333,10262,8363,5131,2930,3570.33
1917,1541,1252,1247,856,821,1234,2042,6533,10725,8512,4475,2740,3498.17
1918,1485,1359,1579,1616,1493,1782,2191,5077,6828,4144,2075,1146,2564.58
1919,1247,863,750,810,825,891,1530,6197,8024,4704,2249,1120,2434.17
1920,985,754,619,621,701,1165,2150,6795,6867,5600,3449,1426,2594.33
1921,1120,884,713,690,705,814,1284,5749,7561,5525,2735,1202,2415.17
1922,1116,818,574,555,563,709,1392,7019,9104,5936,3144,1273,2683.58
1923,1011,917,589,586,776,1273,1646,7504,8256,6048,2754,1441,2733.42
1924,1127,969,713,679,787,972,2090,6720,8603,5339,3078,1676,2729.42
1925,929,992,705,663,772,1003,1545,4965,6365,4629,1786,1303,2138.08
1926,1157,905,616,659,873,1215,1863,7019,7908,5376,3086,1314,2665.92
1927,1045,1136,731,694,840,1018,1683,5712,7060,4965,1705,1086,2306.25
1928,813,702,601,644,884,1141,2482,6683,7677,4592,2465,1261,2495.42
1929,1034,921,735,721,914,1435,3517,8549,9413,6645,3699,1310,3241.08
1930,1235,1132,795,756,940,1084,1758,6645,6751,4368,1358,1191,2334.42
1931,884,727,724,659,664,779,1149,5787,8179,5525,3024,1157,2438.17
1932,1019,806,772,636,817,1080,1631,6907,8796,5861,2723,1149,2683.08
1933,1310,1359,1008,767,963,1168,1377,4741,8526,5637,2831,1609,2608
1934,1303,1128,884,790,974,1238,2411,7541,9143,5749,2330,1261,2896
1935,1310,1128,899,844,1135,1616,2938,7840,9220,6496,1929,1336,3057.58
1936,1276,1069,896,844,1157,1408,2240,6981,9182,5339,1736,1303,2785.92
1937,1101,930,851,767,907,1222,1743,7280,8526,4629,1230,1351,2544.75
1938,1205,946,866,779,1034,1307,1728,8400,10841,7205,2476,1336,3176.92
1939,1288,1260,937,852,1217,1585,1907,4928,7021,3920,2044,1549,2375.67
1940,1176,937,862,798,1112,1307,1478,5600,6905,2900,1107,896,2089.83
1941,817,880,776,752,985,1392,1751,4442,5478,3195,2087,1527,2006.83
1942,993,1012,884,956,1247,1558,2102,7504,7754,5189,1257,1101,2629.75
1943,933,1029,825,918,1157,1304,1478,5451,9413,4480,1774,1381,2511.92
1944,1045,1073,929,879,1183,1558,1900,6160,6905,3535,1161,1217,2295.42
1945,881,1058,791,856,1041,1527,1698,5525,7253,5525,1859,1754,2480.67
1946,1433,1054,881,891,791,516,2288,9371,10725,5899,3510,2232,3299.25
1947,1650,1438,1187,972,1034,1099,1183,5563,8680,5600,2527,1732,2722.08
1948,1385,1177,937,914,869,590,2027,6197,7445,5861,3777,1937,2759.67
1949,1347,1169,910,925,937,733,1523,6757,7870,5339,2889,1807,2683.83
1950,1441,1198,933,922,944,879,1721,7765,8680,5525,2550,1665,2851.92
1951,1265,925,847,902,802,455,1064,5749,6867,4480,3005,1844,2350.42
1952,1224,949,1000,810,601,652,1198,5563,8140,4666,2407,1385,2382.92
1953,1041,781,813,929,597,563,1441,8213,8024,5189,2442,1538,2630.92
1954,1071,756,952,875,679,455,2102,9259,10918,7653,3298,1885,3325.25
1955,1426,1120,776,879,929,841,1612,7168,8757,6720,2858,1709,2899.58
1956,1336,1117,877,891,840,914,2158,7355,7986,6869,4783,2150,3106.33
1957,1489,1285,888,1014,1123,1141,1661,6571,8256,3703,1886,1261,2523.17
1958,955,764,776,829,634,501,1866,1866,9452,5861,3244,1818,2380.5
1959,1280,1000,840,933,873,625,1258,6981,11419,6197,3730,1900,3086.33
1960,1164,886,832,964,933,694,1672,6496,7870,5040,2071,1172,2482.83
1961,952,1149,862,1003,757,582,2445,8661,10339,6496,2916,1836,3166.5
1962,1370,1140,966,1153,1112,1242,1866,6496,8719,5787,2249,1500,2800
1963,1250,1165,955,1087,1213,1385,2609,8251,7600,3957,1882,1702,2754.67
1964,1605,1293,1067,1041,1355,1581,2956,9296,9915,6123,3645,2184,3505.08
1965,2146,2099,1639,1381,1556,1743,2172,5525,6018,4106,2546,1833,2730.33
1966,1467,1248,948,1238,1325,1199,2079,4778,6751,2721,1724,1691,2264.08
1967,1736,1366,787,1151,1238,1168,2199,7430,8506,5196,2407,1967,2929.25
1968,1527,1365,1076,1215,1215,1152,2615,6655,4398,3715,1770,1377,2340
1969,1102,948,983,1481,1412,991,2199,7384,6712,2337,1527,1250,2360.5
1970,1215,1064,800,1342,1192,848,1284,7280,8009,3402,1875,1400,2475.92
1971,1296,1414,857,1412,1307,907,2048,7129,7777,3472,2141,1562,2610.17
1972,1296,1238,887,1412,1250,960,1898,4155,3402,2754,1400,955,1800.58
1973,817,595,582,991,1067,1068,1527,6309,6404,3808,1878,1164,2184.17
1974,1116,905,735,1168,1179,1107,3352,8437,7523,4218,1983,1314,2753.08
1975,1224,934,724,1184,1191,790,1866,8475,11419,5675,2496,1747,3143.75
1976,1400,1133,918,1026,993,1242,2042,6421,5671,2747,1712,1329,2219.5
1977,1022,748,675,1049,1142,1003,1993,8176,5671,3177,2492,1288,2369.67
1978,1224,938,713,883,1052,1041,2255,6869,5362,4218,1724,1205,2290.33
1979,1325,979,866,1141,1205,964,1747,5152,4089,2527,1415,1049,1871.58
1980,863,623,604,928,1134,920,1933,7257,6123,2164,1632,1076,2104.75
1981,1008,774,686,1062,1094,818,1586,6157,6597,3831,1609,1215,2203.08
1982,1008,938,706,1038,926,846,1273,3935,4074,2766,1539,1126,1681.25
1983,785,637,634,1127,862,841,993,4178,5556,2639,1782,1030,1755.33
1984,1007,924,655,1005,939,714,1829,3461,2234,1562,908,697,1327.92
